592 1
591 5
595 5
613 4
337 3
351 1
392 3
391 5
464 1
537 4
429 1
534 2
211 1
212 2
432 1
434 4
14 4
32 2
295 1
359 3
436 1
437 3
18 3
194 2
523 3
522 1
121 5
154 1
109 4
111 3
180 1
216 2
55 1
546 2
66 4
562 1
280 1
517 2
116 1
228 4
134 1
368 2
5 1
4 2
39 1
624 2
84 2
89 3
230 1
567 4
287 1
336 2
244 2
257 5
525 1
526 4
309 1
399 4
540 4
541 3
185 1
184 5
433 3
460 2
210 3
213 4
303 3
304 4
296 2
421 1
371 1
398 2
461 1
524 4
539 2
188 1
187 2
100 2
98 1
189 2
206 1
54 3
594 2
87 2
16 1
615 2
614 1
113 1
114 2
136 1
135 3
435 5
471 1
463 2
42 4
616 3
374 3
379 1
164 1
179 2
215 3
292 4
56 3
57 5
17 4
112 5
579 1
10 1
618 3
83 1
137 2
58 2
549 1
311 1
347 2
608 2
609 4
49 3
50 1
335 5
333 2
160 5
226 4
284 1
322 2
327 1
356 5
239 2
241 1
102 3
236 1
455 2
104 5
106 2
346 1
204 4
44 3
45 2
99 3
2 1
558 3
535 3
115 3
585 4
412 3
527 5
548 2
486 1
498 3
1 2
590 4
324 4
362 3
459 5
46 1
610 5
365 3
366 4
103 4
306 3
307 4
264 1
263 4
334 3
97 2
182 4
329 2
330 1
547 4
68 2
494 4
408 1
533 3
73 4
72 1
9 2
81 3
24 4
199 1
583 4
554 4
622 5
532 4
458 2
566 2
565 3
53 1
481 3
530 1
75 3
74 2
147 3
129 2
279 4
510 2
125 4
149 5
27 4
319 1
424 1
563 2
479 2
480 1
123 4
152 1
19 1
195 3
139 3
449 1
448 3
275 2
276 4
426 1
536 3
249 1
248 2
52 4
446 3
473 2
431 4
495 1
11 4
20 4
34 1
167 5
207 1
190 5
209 4
270 2
514 1
376 3
377 5
380 4
378 2
59 4
476 5
508 1
507 2
343 1
298 4
385 2
384 1
420 3
422 2
485 2
77 5
586 1
577 1
161 3
173 2
88 4
124 1
402 1
29 1
37 2
328 3
277 5
325 5
256 1
259 2
596 3
219 1
221 5
246 1
575 3
25 5
243 1
242 2
438 4
439 2
193 4
491 1
492 4
162 2
163 5
326 2
107 1
146 4
166 3
427 2
442 3
457 5
245 3
601 1
611 2
28 3
281 3
238 1
269 5
315 2
360 1
227 3
299 3
300 4
22 2
21 5
153 3
580 3
234 1
582 2
619 4
331 2
233 4
274 1
411 1
528 2
170 2
172 5
108 3
80 4
265 3
452 3
545 5
506 3
444 5
544 2
425 5
373 5
372 4
191 4
200 5
181 5
150 1
69 3
272 3
612 4
423 3
405 3
564 1
214 2
598 5
620 1
349 4
352 1
576 4
353 2
342 3
339 4
409 2
417 4
119 2
155 5
364 4
367 5
552 2
127 4
145 3
60 2
555 1
502 3
192 1
278 3
515 4
159 4
158 2
499 2
91 1
250 2
26 3
33 3
35 2
509 3
512 2
268 2
604 4
82 2
572 4
217 1
414 2
493 3
500 2
273 5
288 4
404 4
556 2
131 1
350 2
505 4
8 5
220 3
390 1
51 3
65 2
62 1
30 4
31 3
344 4
602 4
560 4
462 5
482 2
389 2
550 3
85 1
225 4
531 1
15 5
456 4
110 2
511 1
551 5
79 3
573 1
469 1
470 2
428 4
176 4
130 5
345 2
357 2
407 3
394 4
38 5
168 1
447 1
475 3
165 4
183 3
94 4
186 3
169 4
205 4
581 4
47 3
478 5
477 2
140 2
3 3
341 1
358 2
443 4
597 1
413 4
96 1
252 2
133 3
142 2
63 3
450 4
623 5
297 5
487 2
271 4
504 1
120 3
178 4
177 1
101 4
355 5
175 2
289 1
488 3
503 3
520 5
516 3
363 1
375 2
383 4
381 3
247 4
258 1
603 1
218 5
318 2
382 1
387 1
386 3
472 4
529 3
521 2
484 3
496 4
291 3
474 5
584 3
445 4
128 3
369 3
519 4
118 5
36 1
354 3
497 4
117 3
95 5
465 2
7 3
501 4
251 5
467 4
468 3
282 4
600 2
393 5
332 4
293 1
557 4
105 3
294 5
283 3
513 5
340 2
174 3
93 1
267 3
361 3
224 1
518 5
397 4
440 5
606 5
61 3
607 4
48 5
310 4
570 3
395 2
23 5
148 2
401 3
542 2
208 1
308 3
490 2
538 3
231 2
589 5
599 3
320 2
321 4
561 4
305 1
415 4
141 4
593 4
617 5
253 4
240 4
313 4
403 1
76 1
559 5
229 5
255 4
312 3
196 2
143 3
144 1
198 3
13 3
67 3
466 5
285 2
454 1
202 2
201 3
568 3
388 4
489 1
317 4
430 5
254 3
260 5
86 3
126 5
348 5
370 5
338 5
419 2
156 1
157 4
451 1
314 5
302 2
323 5
483 1
290 4
92 3
621 2
223 3
78 2
41 3
396 2
232 5
197 4
132 5
400 3
453 5
578 4
171 3
40 5
261 1
262 3
588 3
587 2
553 5
574 4
316 5
138 4
406 4
569 3
418 1
441 1
64 5
43 2
266 4
543 4
301 5
151 2
416 3
222 1
71 2
203 5
6 4
122 2
12 5
605 2
235 2
90 2
237 4
70 4
410 5
571 5
286 4
