592 591
595 613
337 351
392 391
464 537
429 534
211 212
432 434
14 32
295 359
436 437
18 194
523 522
121 154
109 111
180 216
55 546
66 562
280 517
116 228
134 368
5 4
39 624
84 89
230 567
287 336
244 257
525 526
309 399
540 541
185 184
433 460
210 213
303 304
296 421
371 398
433 461
524 539
188 187
100 98
189 206
54 591
594 595
87 16
615 614
113 114
136 135
435 471
463 537
42 616
374 379
164 179
180 215
292 539
56 57
18 17
112 579
10 618
83 89
136 137
58 549
311 347
608 609
49 50
335 333
160 226
284 333
322 327
304 356
239 241
102 236
432 460
455 541
104 106
347 346
188 204
44 45
99 98
2 558
535 460
115 228
83 585
210 212
412 527
57 548
486 498
1 590
324 362
460 459
46 610
365 366
103 216
306 307
264 263
334 333
97 182
329 330
187 213
188 210
547 546
68 494
408 533
73 72
9 81
24 199
113 583
4 554
32 622
532 533
4 590
435 458
566 565
54 53
481 530
75 74
147 129
279 510
125 149
548 547
27 39
319 329
424 563
55 548
479 480
123 152
19 195
136 139
83 84
449 448
275 276
426 536
249 248
52 595
446 473
431 460
68 495
10 11
20 34
287 335
167 207
190 209
270 514
376 377
380 378
59 476
508 507
343 298
385 384
420 422
485 524
9 618
77 586
106 577
44 614
161 173
88 212
124 123
376 402
29 37
319 328
134 277
325 366
256 259
596 613
219 221
246 575
277 368
25 199
243 242
438 439
190 193
491 492
162 163
322 324
325 326
106 107
147 146
166 207
426 427
442 457
219 226
245 244
601 611
28 624
281 517
238 269
315 360
149 227
299 300
22 21
125 153
579 580
234 582
614 619
331 360
233 274
411 528
486 524
170 172
108 579
77 80
243 265
452 545
287 506
444 544
425 426
373 372
14 622
190 191
18 200
97 181
147 150
69 73
234 272
39 612
423 563
405 564
185 214
592 598
11 620
349 352
506 507
234 576
21 20
353 342
339 342
409 417
119 155
364 367
552 554
127 145
60 555
179 182
491 502
405 426
421 420
18 192
278 515
159 158
494 499
91 250
27 26
33 35
136 365
509 512
280 367
264 268
592 604
82 572
256 263
103 217
411 414
493 500
528 530
448 476
46 609
273 512
53 594
233 273
288 506
425 404
327 362
377 378
2 556
131 146
350 352
505 269
8 9
160 220
303 390
52 51
65 481
60 62
30 31
244 265
299 344
34 33
601 602
1 560
69 494
270 238
464 462
66 482
107 215
389 390
58 550
85 88
591 596
405 404
461 533
112 225
146 145
60 550
532 531
15 195
311 315
456 455
58 57
110 111
510 511
51 551
79 573
469 470
573 575
426 428
162 176
127 130
24 26
295 296
344 345
336 335
344 357
407 428
384 394
27 38
167 168
80 586
447 475
165 183
94 186
220 158
257 259
463 462
427 428
166 169
185 205
20 195
230 566
581 582
5 47
478 477
245 257
392 394
564 422
139 140
356 357
4 3
341 358
30 620
443 446
49 597
413 525
96 252
133 142
63 477
450 544
442 455
65 562
72 560
30 623
297 296
56 546
523 524
487 498
271 514
53 547
296 420
191 189
412 414
504 269
121 120
169 170
32 33
178 177
101 268
311 355
175 177
289 488
503 520
517 516
281 363
158 221
375 383
379 381
247 258
604 603
178 218
135 134
175 218
318 382
387 386
472 473
179 181
529 531
133 134
15 33
289 521
602 611
390 391
457 458
484 496
279 516
387 392
291 341
443 474
162 177
159 173
28 612
11 584
444 445
50 51
128 129
319 369
510 519
118 116
25 36
496 495
445 447
343 354
325 324
486 497
117 225
95 182
257 263
291 522
434 465
8 7
114 583
26 37
493 501
498 497
334 335
534 536
251 252
598 608
275 515
292 522
467 468
131 142
282 517
243 492
600 603
469 476
117 118
392 393
332 360
597 596
292 293
557 556
105 106
294 414
283 517
270 513
166 184
340 337
175 174
336 351
510 516
93 187
487 488
468 477
598 603
267 269
398 399
491 497
329 361
117 224
283 518
385 397
440 456
30 622
601 606
61 555
600 607
404 422
3 554
79 248
56 548
48 47
309 310
3 590
479 478
91 570
387 395
23 199
303 356
81 586
234 271
373 374
147 148
371 401
503 504
506 505
598 607
210 187
540 542
30 29
581 580
208 212
308 397
239 238
429 536
168 169
491 490
58 448
109 579
179 178
464 538
73 500
293 294
69 72
102 268
39 611
60 468
231 583
61 62
386 397
75 589
424 427
131 133
470 475
18 208
599 604
320 321
272 514
480 478
558 561
22 34
305 345
294 415
455 540
133 141
248 573
436 474
593 596
615 617
252 253
165 166
240 504
313 333
490 503
408 409
293 358
44 606
149 228
404 403
77 76
101 217
44 607
425 427
558 559
230 565
595 596
115 229
75 76
162 161
28 27
164 182
335 351
474 473
306 305
104 103
408 534
26 38
100 255
492 493
312 315
20 196
143 144
34 198
380 381
312 350
10 584
616 624
192 189
550 549
405 427
304 392
13 14
67 496
610 607
123 155
465 466
285 508
274 515
51 552
360 361
110 109
135 144
363 365
230 583
17 87
123 153
160 219
187 204
373 384
444 454
62 557
202 201
405 424
300 423
270 568
1 559
347 307
445 446
231 567
245 258
305 388
363 364
386 394
186 187
479 481
577 582
411 412
599 606
131 141
282 331
489 503
599 607
201 206
33 196
319 317
409 533
83 82
430 533
254 260
139 144
597 598
94 252
114 225
431 459
336 337
283 331
86 17
162 168
383 402
546 545
438 457
288 287
126 128
130 129
36 35
379 378
347 348
320 370
534 428
284 283
102 103
52 551
186 204
193 200
320 380
338 352
488 521
415 419
156 157
158 224
93 186
83 572
451 450
225 116
168 172
529 530
314 360
302 390
146 566
452 544
455 454
183 184
471 472
241 502
528 531
323 362
121 123
425 428
133 276
120 155
202 205
102 217
482 483
413 539
52 548
62 477
393 395
293 413
74 575
245 247
2 590
167 166
67 562
290 340
91 92
359 358
436 439
251 250
602 606
30 621
95 183
28 623
45 619
161 169
18 190
323 330
157 223
78 573
54 594
13 622
490 498
52 53
139 366
429 428
99 100
173 172
85 87
548 549
297 359
137 364
347 355
96 254
42 41
109 108
67 66
190 192
92 251
348 354
373 379
307 396
233 232
279 278
329 328
511 515
324 363
34 197
473 475
34 35
160 161
404 423
559 561
497 495
239 504
132 565
281 326
115 148
322 321
350 349
254 255
326 363
318 400
320 382
453 541
578 577
3 556
157 221
118 119
298 296
170 171
38 37
8 586
89 572
493 499
290 337
372 381
63 480
485 486
482 481
260 259
185 186
353 354
40 41
261 262
395 383
588 587
491 498
3 553
376 384
91 251
38 612
510 278
78 574
316 310
512 511
154 153
414 415
138 135
449 450
280 516
616 617
54 547
76 588
166 205
285 284
297 358
321 328
42 624
467 470
125 150
553 555
82 81
74 574
406 427
508 513
86 212
487 522
225 111
59 550
189 209
99 181
430 535
484 524
485 484
272 273
49 613
371 370
465 464
261 259
429 460
439 474
386 388
507 513
331 330
163 164
55 547
142 141
271 568
436 472
100 569
409 531
618 619
405 563
140 144
417 418
441 541
108 218
64 65
41 611
97 98
136 366
215 178
49 48
95 214
490 502
43 41
161 172
343 344
242 266
506 520
189 193
62 468
165 164
503 521
453 543
40 624
363 362
233 272
285 519
140 143
300 421
115 116
10 585
489 521
307 355
301 563
151 153
313 314
567 565
27 37
417 416
138 139
158 222
130 142
36 37
148 228
307 346
413 414
210 209
44 610
320 319
415 418
372 374
230 229
192 193
64 561
71 72
39 40
112 111
345 354
472 475
311 312
508 509
183 214
160 173
203 205
313 335
159 221
289 336
101 264
233 234
174 219
13 621
201 203
49 608
123 154
5 588
606 607
583 229
195 200
454 543
452 542
275 567
142 143
375 374
243 493
415 416
304 391
297 341
165 184
64 480
41 602
129 150
127 129
6 587
345 356
19 20
327 328
71 560
245 246
122 153
69 500
23 198
209 212
24 37
93 252
84 85
467 477
132 146
232 274
325 365
291 358
302 301
12 621
175 176
20 200
597 605
292 358
235 234
398 397
300 357
167 169
432 535
260 261
119 120
318 370
105 103
260 253
278 368
382 369
584 585
90 89
523 486
617 620
1 589
9 585
90 92
293 539
433 432
239 267
282 326
179 180
5 590
163 178
437 439
181 182
411 416
190 208
264 266
135 140
134 276
220 221
592 593
45 614
423 422
133 140
441 442
372 378
146 129
141 144
513 514
98 255
152 151
348 352
264 265
19 196
158 223
538 537
544 543
488 489
45 46
91 90
308 396
417 407
528 529
467 466
120 154
300 422
92 213
466 538
451 543
251 261
437 456
241 242
386 396
137 138
156 223
301 403
261 253
389 392
593 605
124 227
529 537
246 500
456 439
431 535
107 218
135 368
313 351
29 31
47 609
288 289
452 454
612 611
125 128
350 351
353 352
339 352
484 483
305 389
201 204
114 116
294 295
274 567
321 369
131 132
165 170
572 570
616 620
263 569
121 122
247 575
375 377
215 216
296 359
302 304
24 38
65 66
616 623
461 532
408 417
322 323
25 26
172 226
73 74
317 400
188 209
135 367
249 570
28 40
188 201
40 612
17 16
518 519
375 402
34 196
58 59
615 619
265 263
142 145
294 359
237 268
193 194
68 70
124 149
322 319
507 505
60 59
84 584
384 393
23 197
380 382
343 353
430 534
247 573
126 151
452 453
65 561
8 619
440 439
372 379
410 531
440 541
505 520
48 554
306 345
593 591
86 208
199 198
9 586
313 350
438 458
68 496
518 516
487 486
29 623
424 423
190 194
74 72
122 152
53 595
288 520
185 203
147 566
95 94
444 446
406 564
387 394
373 401
110 224
497 499
451 544
7 619
5 6
99 216
439 442
609 610
168 226
71 562
79 80
309 355
183 182
21 198
284 332
65 480
54 55
410 528
371 399
308 355
310 315
61 557
35 199
562 561
235 568
108 578
446 447
19 194
202 206
334 284
316 361
215 218
106 578
6 46
574 575
324 327
489 490
74 560
406 419
51 613
119 156
132 133
385 386
467 469
15 16
82 571
576 582
25 24
306 388
173 226
463 464
314 315
195 196
56 547
84 88
55 450
15 196
75 560
109 174
494 495
66 483
10 9
397 401
456 442
26 36
316 317
167 170
279 368
346 354
67 70
246 501
468 59
318 319
128 150
301 423
149 148
432 459
399 400
104 107
574 573
98 181
325 362
453 540
482 526
238 568
2 559
137 139
299 421
7 587
191 192
479 530
31 37
509 510
71 561
121 152
453 542
310 355
596 605
387 393
1 75
254 253
95 96
157 222
376 395
621 620
94 93
428 536
71 559
194 200
136 367
403 563
138 140
550 551
535 534
599 603
77 587
15 32
220 224
166 170
183 164
434 471
170 207
122 154
98 254
408 407
16 195
247 248
33 36
185 204
491 499
410 416
102 237
430 461
466 471
408 428
440 442
111 224
270 271
454 540
364 365
323 329
13 85
282 283
454 542
319 321
123 120
436 473
166 202
304 389
469 475
617 618
91 572
244 501
27 29
86 85
90 211
163 177
318 399
69 70
374 383
240 503
21 197
210 211
264 569
599 600
441 540
164 171
376 375
134 140
480 481
411 527
370 381
299 357
280 364
581 577
475 476
191 201
105 576
435 472
275 277
12 85
441 542
78 79
393 394
434 458
11 617
61 556
289 337
80 81
604 605
161 226
323 328
616 615
308 309
126 152
6 47
257 258
544 545
303 403
285 334
418 419
286 506
7 45
339 341
385 401
597 608
410 409
621 622
70 72
451 545
22 199
387 388
453 454
195 194
437 459
305 304
137 365
61 553
15 14
603 606
509 514
24 35
487 523
317 329
40 611
282 330
90 213
148 229
388 389
107 578
303 391
131 143
57 549
579 578
118 157
482 530
316 315
468 469
409 532
451 452
509 511
462 532
278 511
348 353
478 538
244 263
430 431
389 391
76 574
446 474
156 155
306 396
99 180
238 267
273 511
203 206
19 200
553 554
31 32
250 570
443 442
298 421
88 211
141 140
287 334
598 605
155 227
205 206
421 422
341 342
373 385
167 205
406 418
580 577
297 298
282 281
168 170
132 276
112 114
338 351
370 369
463 531
592 596
288 336
202 207
339 353
512 514
154 155
101 569
387 391
550 555
414 416
399 370
439 457
110 219
623 624
441 440
489 498
267 268
60 61
25 35
411 410
326 362
204 203
232 581
437 457
57 449
249 571
232 567
485 495
292 291
21 195
1 2
272 512
444 543
348 349
7 46
516 519
275 565
326 330
14 87
571 570
461 462
248 262
295 415
218 177
202 203
151 150
441 455
12 584
119 227
309 400
174 176
159 219
534 533
240 239
10 617
277 515
82 570
220 222
129 145
17 200
420 564
163 171
189 201
444 451
492 502
509 519
285 518
75 574
4 47
28 29
576 577
552 551
456 457
250 261
338 350
407 418
376 383
379 380
237 238
256 569
233 582
267 266
165 171
290 522
438 437
427 536
487 489
249 250
404 424
447 476
23 24
281 364
459 458
49 609
138 144
316 360
110 174
338 340
289 290
192 201
191 203
125 151
123 156
541 542
504 505
372 401
109 175
478 537
117 116
78 80
433 465
420 419
495 499
113 581
608 607
119 157
432 431
131 145
312 349
318 317
445 449
46 47
197 198
593 597
258 262
115 114
553 552
310 400
50 554
306 346
432 438
86 88
407 427
77 588
591 594
220 219
298 342
163 179
56 450
42 615
94 96
309 398
4 48
53 546
301 357
308 398
482 527
464 466
18 19
232 582
551 549
451 453
344 354
249 262
117 158
299 343
338 337
513 505
440 540
403 423
235 576
484 526
406 407
90 572
286 507
42 43
288 521
255 569
479 537
470 472
434 435
442 474
557 558
405 425
270 269
258 259
35 198
240 502
115 583
246 247
2 3
131 130
523 539
149 150
430 536
96 253
347 349
26 199
70 562
394 395
299 298
461 460
120 156
126 129
601 41
273 515
93 92
31 622
344 356
322 328
225 224
558 556
53 591
426 534
55 56
186 214
97 254
111 579
136 364
189 188
122 120
517 518
63 557
50 613
245 501
291 340
169 172
23 22
63 64
118 228
600 602
493 494
176 177
203 207
380 370
553 556
377 383
28 39
58 476
272 271
63 62
488 522
501 500
13 12
50 48
103 236
300 301
323 326
292 523
21 196
276 277
448 447
125 124
147 229
236 568
205 207
73 575
71 70
257 256
552 555
320 369
377 402
312 314
332 331
509 513
406 405
53 548
396 397
41 624
483 526
25 37
313 312
509 507
39 38
375 384
82 585
251 253
180 181
141 143
12 11
121 153
286 287
236 237
50 552
277 278
384 395
102 101
152 153
81 585
445 544
80 571
241 266
308 307
302 403
314 332
378 383
45 610
126 127
43 606
127 150
485 497
412 526
217 216
524 525
173 219
564 419
105 236
484 525
18 193
230 231
221 222
404 563
88 89
311 310
440 455
302 303
600 604
378 402
416 418
7 6
512 513
371 381
125 152
184 214
368 367
372 371
59 469
338 339
286 285
23 35
104 216
430 429
463 529
316 400
268 266
598 604
332 333
64 558
485 496
551 555
286 508
161 176
275 274
76 589
17 208
119 222
323 327
256 260
593 594
388 396
83 584
615 618
432 458
494 500
465 471
63 478
110 220
243 244
104 215
566 229
559 560
381 382
22 198
387 389
180 178
130 143
237 568
276 565
293 359
79 571
117 157
404 564
239 269
8 618
283 332
330 361
64 557
32 36
113 580
168 161
89 211
232 231
160 159
51 595
528 527
12 84
242 502
159 220
600 606
95 97
444 443
305 356
124 155
363 366
104 105
290 488
317 361
67 68
525 539
284 518
492 242
398 401
57 448
94 214
492 499
235 271
603 602
155 223
370 382
601 600
435 437
527 526
196 197
295 419
297 342
329 321
124 153
112 580
389 393
443 454
248 258
8 587
538 477
340 341
599 598
112 113
78 76
184 205
483 496
168 171
56 449
466 470
240 490
431 458
286 334
325 363
443 455
304 390
447 473
42 614
608 610
504 520
16 200
280 279
228 227
81 571
255 260
28 38
376 394
241 267
410 417
174 173
412 525
589 588
67 483
433 462
191 206
303 357
240 241
243 501
331 361
55 545
132 566
413 412
190 189
43 601
291 290
5 589
256 255
438 459
44 43
48 609
96 97
250 262
302 423
77 78
436 435
6 588
21 34
452 543
119 223
279 367
41 612
125 126
113 231
106 576
520 521
339 340
323 324
597 613
385 394
535 429
348 346
11 621
303 301
592 605
623 620
69 68
445 448
425 424
128 151
430 460
101 100
437 458
343 342
449 544
137 366
327 326
122 123
450 545
13 87
281 280
66 481
374 378
79 249
14 16
589 590
578 580
136 138
222 223
148 150
86 87
311 349
162 171
22 197
259 262
231 581
176 173
100 217
508 519
130 145
479 529
211 213
463 532
374 377
594 596
127 128
118 227
384 383
467 538
265 242
107 108
92 252
346 345
237 267
314 333
433 434
274 273
105 235
52 549
31 36
294 413
373 383
54 546
208 209
158 157
374 402
465 462
295 420
301 390
527 530
175 108
471 470
586 587
265 266
99 217
73 246
318 369
43 614
235 236
93 213
